EXP02 ambient-S phase space for C_SurvA
ACM window = [2,20], k = 80
ambient S = <a,b>, 2 <= a <= 18, 3 <= b <= 30, gcd(a,b)=1, a<b
bundle atoms = 1520
ACM survivors = 408
max bundle integer = 1680
phase cells = 205

Metric definitions:
  atoms = number of ACM survivors that are also in A_S
  L = decimal digit length of C_SurvA
  D_L* = star discrepancy of shifted decimal-tail orbit
  ratio = D_L* / ((log L)/sqrt L)

Smallest C_SurvA digit length:
S            F  |G|  atoms      L     D_L*   ratio
----------------------------------------------------
<2,3>      1    1      8     12   0.3096   0.432
<2,5>      3    2     31     77   0.2708   0.547
<2,7>      5    3     47    127   0.1944   0.452
<3,4>      5    3     53    142   0.1787   0.430
<2,9>      7    4     65    183   0.1841   0.478
<3,5>      7    4     70    194   0.1759   0.465
<2,11>      9    5     80    230   0.1507   0.420
<3,7>     11    6     97    275   0.1191   0.352
<4,5>     11    6     99    277   0.1317   0.390
<2,13>     11    6     96    279   0.1273   0.378

Largest C_SurvA digit length:
S            F  |G|  atoms      L     D_L*   ratio
----------------------------------------------------
<13,16>    179   90    366   1198   0.1008   0.492
<13,17>    191   96    365   1192   0.1001   0.488
<13,18>    203  102    361   1188   0.1019   0.496
<11,23>    219  110    361   1188   0.0984   0.479
<13,19>    215  108    362   1187   0.1007   0.490
<13,21>    239  120    359   1185   0.1010   0.491
<12,23>    241  121    360   1182   0.0989   0.481
<14,17>    207  104    360   1181   0.0985   0.479
<13,23>    263  132    358   1181   0.1068   0.519
<14,19>    233  117    357   1179   0.1077   0.523

Lowest D_L*:
S            F  |G|  atoms      L     D_L*   ratio
----------------------------------------------------
<9,10>     71   36    290    903   0.0558   0.246
<5,17>     63   32    282    883   0.0645   0.283
<10,11>     89   45    320   1023   0.0683   0.315
<5,12>     43   22    246    761   0.0727   0.302
<4,17>     47   24    256    798   0.0729   0.308
<10,19>    161   81    345   1118   0.0743   0.354
<7,10>     53   27    265    826   0.0746   0.319
<3,17>     31   16    202    621   0.0761   0.295
<8,9>     55   28    273    850   0.0767   0.331
<5,18>     67   34    285    898   0.0774   0.341

Highest D_L*:
S            F  |G|  atoms      L     D_L*   ratio
----------------------------------------------------
<2,3>      1    1      8     12   0.3096   0.432
<2,5>      3    2     31     77   0.2708   0.547
<2,7>      5    3     47    127   0.1944   0.452
<2,9>      7    4     65    183   0.1841   0.478
<3,4>      5    3     53    142   0.1787   0.430
<3,5>      7    4     70    194   0.1759   0.465
<2,11>      9    5     80    230   0.1507   0.420
<4,5>     11    6     99    277   0.1317   0.390
<2,13>     11    6     96    279   0.1273   0.378
<3,7>     11    6     97    275   0.1191   0.352

Lowest benchmark ratio:
S            F  |G|  atoms      L     D_L*   ratio
----------------------------------------------------
<9,10>     71   36    290    903   0.0558   0.246
<5,17>     63   32    282    883   0.0645   0.283
<3,17>     31   16    202    621   0.0761   0.295
<3,11>     19   10    149    450   0.0871   0.302
<5,12>     43   22    246    761   0.0727   0.302
<2,17>     15    8    127    381   0.0921   0.303
<4,17>     47   24    256    798   0.0729   0.308
<5,9>     31   16    197    592   0.0809   0.308
<2,15>     13    7    113    334   0.0990   0.311
<5,7>     23   12    167    496   0.0869   0.312

Highest benchmark ratio:
S            F  |G|  atoms      L     D_L*   ratio
----------------------------------------------------
<2,5>      3    2     31     77   0.2708   0.547
<15,16>    209  105    355   1166   0.1085   0.525
<14,19>    233  117    357   1179   0.1077   0.523
<16,29>    419  210    335   1115   0.1093   0.520
<17,30>    463  232    330   1103   0.1095   0.519
<13,23>    263  132    358   1181   0.1068   0.519
<7,27>    155   78    331   1080   0.1077   0.507
<11,21>    199  100    359   1179   0.1043   0.506
<13,14>    155   78    356   1161   0.1039   0.502
<17,24>    367  184    341   1135   0.1043   0.500

